14.826038540354187 -10.515389328104053
-20.769719581037265 -2.5961442560574897
-10.516875561972466 3.460097398559154
-14.526217839074386 -0.5275839396793843
-2.881892035972297 -1.4188711331890917
-3.1743455359421633 -6.964512210626476
-10.35119042545157 1.120119292807797
-14.170823743206693 -1.2334600553265733
-4.834778984796104 -4.82591825623229
-8.164040827032673 -1.7624557298391759
-6.78806937400521 -0.331904963502485
-15.461976597852914 -1.9531836961411142
-12.265222096723889 5.191527836263655
-5.719834826060403 -2.1011485701547263
-6.344069482186292 6.295087159873193
-12.395034397701833 -0.9480654776339187
-17.857081393471336 -2.868663318685527
-9.422345092284724 6.077039277083029
-11.124663249166352 -1.5845106275251988
-8.536794757314023 -2.026536050256986
-13.71485230197524 0.815675641289882
-0.6840078674698401 1.8707527071383818
4.757105514024472 2.7952846293872256
-8.205001898956462 -0.9085119112225318
-8.661344127230072 3.167496263658771
-9.050634662830987 4.151910477255379
2.0550703636582885 2.0392390376842595
-11.186592531833176 -7.282803540643319
-5.645732503423759 -1.7724638577911063
-5.657859353232639 2.091068837671324
-0.5770321141040693 -2.473444532056782
-8.673751054291369 0.2028300779856792
-2.7901208704149383 5.262273838820461
-0.6893433426332981 -0.6604897155063075
-5.683100105407849 0.8759251211215667
-8.055237276500584 -1.2213033126028583
-4.475279761677033 3.414608106098227
-0.35347052809585683 6.131628000039516
-6.334781454654017 1.2242348552044524
-12.199014311108705 4.810965048964983
-0.6100250398235607 4.963602254201482
-2.2283381670138445 7.354520551627263
-10.895423802639058 1.2135844554155708
-4.672087134952736 -3.3227271493385757
-7.287661162276227 -1.2027733107067213
-9.40963072620639 1.7849889446645053
-12.510265928361349 -0.3226483649934136
-8.602700071145318 4.255291365975539
-4.453181411431587 5.092251728682814
1.0893020700242682 -0.26759993140173594
6.797104132688647 4.470518132855738
-14.39032554303748 -1.1529936410354897
-9.864402532321892 -1.4582266684937775
-2.625529194356859 -7.774087569877745
-6.015814358762849 1.8552699837864628
-9.149654035891697 1.2910376818964016
-2.7650900008341526 0.32960202742261857
-13.02946499705268 -4.283172773207484
-18.33756887000274 -0.6550097287063923
-7.341408056680245 -2.132499808625796
-6.851369447933183 1.694563001967827
-1.9343930726437992 3.822929242904951
-11.652555348611271 -4.033181028432286
-5.488049650266506 1.4757892047155627
-9.182000236838396 0.18941514560471567
-8.646380336819279 -1.6810812963283344
4.1698778919948 -0.0888606833532906
1.0232017134982458 1.0280742181996692
-6.90318404651868 2.163138450185172
-5.608561749316643 -0.2659495373728671
-6.87785082626295 0.4183194904172203
-1.0030372795846485 1.1526362653480051
0.17296689735606363 3.1640884932338462
-2.1374157125547377 3.143199053960861
1.365246236534523 -2.6971878729024854
-7.259787465421327 0.22566320475717747
-0.9133808420700769 -5.688958077001369
2.8806798992664615 -3.3900510714111394
0.45426041946892687 2.50390702383796
-4.759073866007676 -1.2683638649824418
-3.800902835881767 5.956176847421751
-4.892860093291553 2.6124843175462766
-1.2982095445755122 -1.6003594208783187
0.7605580015612827 -2.1309374149386326
-3.00778096244887 -1.3297758748313755
-11.355063255467428 -1.2945212186573385
5.262581425995303 -0.18513246291695923
3.0209516269232437 3.184716552248232
-17.479924512373955 -5.16811927037906
5.471560649285005 -2.9224487613561534
-14.2174420773668 -6.439671678356011
-4.2072395076644025 -6.058879741585107
-14.075704387987363 -2.7130164852328553
-10.109217234650444 1.7585573248629895
-8.48354978051966 4.763905517206053
0.27322614708928517 3.942627785518459
4.108215953828028 4.455048643247397
-1.3634886433269504 7.570565979845239
-10.037011695404535 2.2101797993701577
0.8087819283327948 3.3325021658160368
-9.450229951114723 2.7945293167583434
-11.392242810274917 -3.489316220106608
1.2941484343541865 -1.9183917255191254
-3.33002297336728 2.2390203612572748
-4.454014937130765 -0.9639342414625953
-6.8076255541556465 1.4407716183495034
-3.0578434786968867 1.2622788072821516
-1.2425381420266148 -1.3533753502235457
-13.930401725762428 -3.1036852309619514
3.2101812690749267 -5.454127526403397
-3.3586129534908133 -2.0612426629857534
-0.2107825052336522 2.318053633502221
-4.2764161495385435 3.6243849614997226
1.1438193561706975 2.0751239525291836
-7.111598222326603 0.26910073289683206
-2.5417041802095066 -1.3829849635741185
6.289914863005611 -0.517097792824125
9.005960327220633 0.1371046900168314
-4.24197639397022 3.68002061345634
6.0655275324485 0.8589461630676337
1.3261156070356666 3.518016421299283
3.486414212161774 2.5109098236434306
-0.7116168280667926 -1.073628805769272
2.628930204006758 -1.246040502165364
4.890167553387296 -1.319028738563131
2.680677535176939 1.1946822156114798
-4.51660760887227 4.064018908179082
-1.3583372302850671 -7.31853274437147
11.627517285955369 0.0211751634797501
-2.36048019010863 -2.5581829812473478
-14.83323246468607 -6.780341303601441
-4.702190725286696 -8.892726132472406
-4.327960412923612 -1.4388838118532916
-3.7287562906378913 0.2202937248499335
-5.819058023382236 -8.259956652343613
4.521096768453437 2.054556757787021
-0.8763436154252512 -3.140465411280764
-2.5225696752291604 1.1500806299881359
3.4676782229073018 2.3783719574553794
-5.324620850360243 -0.9073938050337433
1.6145898917071198 4.631783160681
0.13381135173341427 0.8337332517011631
3.7640154781964847 -3.1436141319850135
-2.7505266141882414 -6.9277856481452975
-2.779623118981529 -6.905182516969188
-2.783212868706943 -6.866742436461352
-2.7564712631491424 -6.906372683862907
3.434279897467684 -0.7868662845536464
-1.8522216082327725 -1.9560641006242703
6.532777607323945 -0.8252004761424702
-11.054172436563574 -0.46348523165140254
2.082190906547644 3.982197267018244
0.2783346539796063 5.3820505125200215
-5.140070835195801 2.5275642446441897
3.119312624270169 -3.762948958099562
8.575411493476638 2.639731341855044
-0.3736986738692515 4.203468845499773
-4.365699627881225 -4.037797683509454
-2.954514741214613 5.0494817087403625
-3.086640218655521 0.8828758322012739
-3.370428725285311 -2.1718520147730183
-5.864113917319423 2.952659277392736
6.127190440115881 -0.26191586223060814
1.2734324884941273 1.3918060119213165
5.80126453983628 1.9864266347870227
0.2574031306989695 -5.349156189704418
-2.768427039113239 -0.5138390023328469
-2.6387517784463235 4.084297188748595
2.151971055759377 1.94308239575265
-1.5301343242766379 3.8369776512508587
3.2480866532464208 1.3467439464023971
-0.12292813643370876 -3.3402431390481087
-3.9880824335524854 -2.2709808374395424
3.1332755159199817 -1.146273463247884
11.008275642722857 -3.541370455411548
3.094535494419845 0.020926833216513112
-0.38714705429931545 2.0376047047262653
4.4688375515073675 -4.115884438130713
5.810286747432826 1.297652629609467
1.3666310920704043 -8.243206554856608
1.4214233045238278 -1.5626097658629474
-5.711378648587354 2.935802553406566
-0.5551051321803983 5.257110343527615
-0.11909277522820215 -4.455028824736577
-2.5952644266178835 1.1786405105148134
0.5836626996375922 -2.328529179062598
-4.180185569355648 3.7524180764972663
0.6232565606654591 -1.1674742614893285
4.3499636423959105 -0.30958702968556284
0.25411802967203284 -1.900817030349873
1.003987548035465 1.6524187808761353
-1.3022961304717129 6.454775098416449
-4.318940894243377 0.33042214817682236
-0.6553241858471608 0.35905755229642333
4.092850271075972 1.4979326647454307
3.065169061940744 3.646754435859939
-1.5262065117480939 0.18836925380116942
-2.362469741291539 1.4410270894226238
2.074107610175515 6.067824598104664
4.825115348043368 5.538743437485403
5.381321402686255 2.666093313560425
6.660483812827652 2.969231720478054
1.2769211134383311 1.973887211971176
10.767859620746302 0.5544619220329764
5.050870418273917 0.16649953402309334
-0.043251484071469004 -6.108858208678986
0.25662582474228607 3.4218296316494023
-0.421924863735437 0.3806003931632591
-3.640424478022977 -1.8308530050852994
-4.237311475904067 -0.1781132403351923
4.517164721021687 -4.372758419007839
-3.004162906485997 -7.593236882748208
3.6416846928321887 7.082114680284372
1.9888381709088858 1.778765559546354
1.2612539959030655 0.27615673688662074
0.740547011315801 -0.8916572743584263
-4.5470375967627055 -6.331851498693634
4.4982112835430765 -0.6480151873207349
9.711064631784362 0.4795535956907118
-0.48534868839906997 -5.696795150094608
12.49245285923741 0.5791890634808868
-1.4993655236488261 -4.120866300241551
0.2640497062732137 -1.3126944448226125
3.2161485354167336 -4.32233603409371
5.507059110410796 0.465201929049991
9.060145771216032 3.195606878993139
-3.889236389806703 1.4025597425140117
2.601341698116627 1.813039977138954
0.4000129373447435 3.3827005780729955
3.7390690783146714 -0.4696259221692672
0.13491297476312558 -4.073265377624017
10.220889516215255 -0.14229873046651073
5.32302937378765 5.382755520093179
0.3871294819770669 6.323900722186225
5.874728044703721 2.9041992077903096
8.29274697671849 -1.3998780157899067
-0.7951153309629986 -4.7515389688594
5.679421667336373 -4.029170748124267
8.10729322580347 -5.255848538783135
13.751984571520781 0.16589543579279842
9.259695993784895 2.2143931542691324
9.060939997689088 0.8715216357639606
3.7582517424198394 -0.516398612892233
11.342010683371685 -3.175123158709379
7.6606619846894075 2.9408728450685278
0.323237586376859 -8.227952377377445
6.038459372008678 0.21275405553279086
11.625144418124057 -0.7530579780044693
-1.6424578277173223 5.742582478406983
0.37767412537226785 2.3584634437233003
4.320895464616141 -2.3407396572712393
5.412448908257607 0.4485426024769753
4.46357809337235 4.426427877635581
12.781257485560573 1.039418171468791
12.153398876749288 0.5711552748034897
12.37356298434322 0.6316195893916874
4.718696952494638 4.923629004704308
-4.406528085667652 -2.6718820847385634
1.7012411183953728 4.552214188527697
3.176915117268645 3.890596567312376
3.635571444123602 0.10723226610535534
3.1386341371298117 0.9917679485240866
0.23082977415610592 -4.252228759078822
-1.1220044152709492 -0.83985287995983
-3.4187576010429757 4.729281837152871
2.534119947173535 1.4103002298141198
13.851096770284878 -4.620203528881443
-1.2278161992920582 3.404745505228066
1.9626663553060852 1.4751831879591506
1.5699384228857491 2.3377332544315172
7.34393716670612 4.293072146140793
8.987774496508665 -2.891257929846421
7.037562392681008 1.5446573204540048
4.694470336277478 -0.6092799860881906
7.8752499592961716 1.7392217206142175
4.3546278876517315 -3.2895788073375622
1.1666122818100781 5.199614859492882
4.309782662894151 -3.490157471644436
12.183638616037062 -1.9233151681713754
11.950612304659522 1.8742629217708755
7.440933397546239 0.8797720003093419
4.6636091834158515 2.141178933219277
6.652655301620963 -1.9427748840503478
9.329678581748446 -2.7877989973910977
9.086892843699347 3.3122080470848605
5.259846586543712 2.3431487681163614
12.174855649664815 -0.43389867713041436
13.864704644580574 0.11704516777967397
1.0432003409709036 2.65070140334383
6.15001436799533 6.111871571140035
1.5174571441896487 -2.7837231073436133
4.82477001979915 8.057567148227633
6.595473175080712 -8.569860008718576
8.858065478014595 -2.5263091603647965
7.537420552919314 1.6485727959035275
-4.593647247689717 5.269113827734264
-4.006030760396691 0.6181463567520107
12.033601722763953 2.143492050847436
2.0223510096872968 5.170008905929188
3.8174768125165355 4.701214245005118
5.967067407876643 2.8834909992858138
10.070803937248822 1.801073608178471
11.233430208213859 -0.5417559040955697
12.625117557067282 0.5007129994460683
16.770127204715703 -3.8868888876381376
11.175501370298518 -1.9195117069706176
15.347695694916343 -1.590645434729211
10.707534323112736 -1.5738561436462253
6.673969535095823 4.525881696712189
6.916931559594794 -12.02306888928169
16.243606275044417 -1.0697735911574122
16.49671310683697 -8.786292877847801
18.1547426376575 -6.068286262879206
11.813971332791326 1.047765511479845
7.282347540848256 -15.158293500274
