-0.13302018 0.013205777
-0.30456993 -0.10764926
0.004194467 0.2691688
0.03167308 0.1949428
0.30295977 -0.006994616
-0.32411122 0.017425444
0.1723717 -0.046401545
-0.15669978 -0.20426704
0.28840083 -0.08050239
-0.04219155 -0.051133454
-0.060419913 0.33703965
0.2699724 0.092535496
0.275734 0.22479671
-0.065821975 0.16521695
0.07038496 -0.23144539
-0.29201156 0.27002588
-0.044720445 0.35231927
0.039210726 0.21602876
0.25906828 -0.08445294
-0.10354172 0.06464498
-0.19461124 0.16158214
0.070055366 0.20442672
0.059485603 0.14433815
0.034968186 0.22772528
0.14125486 -0.11502235
0.26178867 0.13883181
-0.36848572 -0.2154937
0.18257448 -0.09794857
-0.07369926 0.19050941
-0.18093452 -0.05771709
0.26560634 -0.12193452
-0.06756819 -0.124786064
0.2797065 0.041542117
0.29256132 0.04207326
-0.14030732 -0.13419823
-0.16723433 0.018244678
0.06728714 -0.15013863
-0.08000682 -0.15235311
0.085439675 -0.23848797
-0.26509598 0.03973591
0.2563817 -0.056740783
-0.004851529 0.27300116
-0.32391945 -0.11598977
0.010633255 -0.08572013
0.23069777 -0.20180549
0.15559317 -0.13243757
-0.5344821 0.0013661196
0.15125076 -0.26059365
0.06196174 0.15119557
0.034660377 0.17252709
-0.2047281 -0.014683194
-0.09647075 0.19149223
0.26285827 0.039024755
-0.054922007 -0.08485558
-0.06739275 0.15523773
0.24091174 -0.15245762
0.3063936 -0.02453699
0.18456139 -0.0835811
0.012709854 0.18706028
0.30243146 0.08114862
0.22529559 -0.0847173
0.21648793 -0.13877736
0.28162763 0.017163038
-0.49188578 0.08326734
0.30319694 -0.011372641
-0.03947241 0.40998024
-0.012508359 -0.18766262
-0.32589516 -0.10047087
-0.2650176 -0.19994698
0.03597241 -0.32316363
0.27688852 0.03280643
0.25335756 -0.0123035405
-0.17579225 0.21201956
0.031734157 0.12149519
0.25145268 -0.028041584
0.3124528 0.10317714
0.04473648 0.3207923
0.18915974 -0.068784595
0.22041333 -0.09746163
-0.32313657 -0.082008794
0.23669894 0.094003044
0.23774181 0.091822304
0.2975168 -0.05445676
-0.36508125 -0.15329926
0.2780888 -0.03322179
-0.4116096 0.105873905
0.18618448 -0.24689314
-0.06641833 0.051308792
-0.028633922 0.14717886
-0.11892289 0.15855344
0.14536779 -0.13088048
-0.043201566 0.20476317
0.086361736 0.27395535
0.24370359 -0.149834
0.2409112 -0.1538944
0.1882144 -0.10247613
-0.3689004 -0.15521389
-0.10803625 -0.04309236
-0.15833129 0.061800294
0.12978323 -0.27288163
-0.019854458 0.053821225
0.13796638 -0.22232927
0.19609636 -0.0025455053
0.33707052 0.1060943
-0.09240394 -0.066952266
0.1355935 -0.07280258
-0.08276993 -0.08194623
-0.1735263 -0.04295906
0.2916341 0.064149566
-0.0949133 0.3209477
-0.03836525 0.120787986
-0.12291822 -0.22769956
-0.25183278 -0.053761378
-0.041218016 0.108614504
-0.17014758 0.07528139
-0.2426787 -0.06354829
-0.18698156 0.11816888
0.013949603 0.2752668
0.20747575 -0.16552393
-0.33827004 -0.04970115
0.07588537 0.06783615
-0.101556726 -0.030280322
0.19610737 -0.06907552
0.18232149 -0.19039038
0.2891575 0.0016865304
-0.41995016 -0.1394913
-0.14582516 0.08394388
-0.14726035 0.16336979
-0.04907078 0.11056421
0.06433168 0.21494974
-0.11110377 0.25820005
-0.0034540773 0.16898346
-0.4078449 0.15878567
-0.02723194 -0.03617702
0.23895623 0.053991284
-0.11688504 -0.06864717
0.05480846 -0.19186287
0.094585076 -0.05347946
-0.08558436 0.16603723
-0.24205327 0.11818294
0.051068526 -0.08474183
-0.07319177 0.03639324
-0.04253415 0.09223802
0.063971154 0.30126223
0.09750773 0.2707144
0.25091168 -0.10496742
0.19816115 -0.13382456
-0.018879311 0.080384076
-0.048852284 0.19540581
0.14164093 -0.09439568
0.20899951 -0.16599707
0.2726635 -0.008737979
-0.32328364 -0.016005103
-0.16378246 -0.1325706
0.2515084 -0.03849349
0.0964076 0.29054144
-0.22003478 -0.09254419
0.100669175 -0.19978356
0.24476506 -0.12609503
0.09206124 -0.0981757
0.26337278 -0.004764435
-0.16730486 -0.055855446
0.15266249 0.39406282
-0.6189299 -0.16665344
-0.005669175 -0.23916557
-0.20435838 -0.12548953
-0.13205568 0.052926324
-0.043068323 -0.16165283
-0.052672405 0.42405322
-0.29343414 -0.1269414
0.041832298 0.23766696
0.24316816 0.030923188
0.28310668 -0.17319116
-0.014601712 0.26949397
-0.20972113 -0.0028444654
0.016588416 0.069007196
0.2014361 -0.19089763
0.024168717 0.12723285
-0.049846657 -0.075451635
-0.051804975 -0.017479256
0.15228274 -0.0597979
0.23381475 -0.09934902
-0.27105147 -0.16563015
0.18506451 -0.04308438
-0.18119068 -0.056666173
0.20950723 -0.05405105
-0.32010463 -0.15194681
0.30054048 0.17321171
0.112408414 -0.0072250767
0.15316643 0.17302996
-0.14362586 0.24229892
0.13312452 -0.016743464
0.109993435 -0.10410562
0.1690513 -0.0455786
0.29737067 -0.13578372
-0.21190369 -0.091663785
-0.5312884 -0.08297187
-0.3035597 -0.09011003
-0.30956697 0.12683097
0.31553322 -0.024377817
0.27522916 0.036086556
-0.033061594 0.10777516
-0.03913401 0.1956772
-0.18514195 -0.09996146
0.07031958 0.21374245
0.054549403 0.1292497
-0.08623153 -0.011602726
0.041613147 -0.032973617
-0.14457025 -0.11631176
0.113234185 -0.25918597
0.3100344 -0.07153267
-0.09746037 0.21721388
-0.113241315 0.010523324
-0.03572334 0.32810354
-0.20860903 -0.1487625
-0.41706982 -0.12614809
0.09026246 0.28872144
0.25580963 -0.15778987
0.009017875 -0.025974542
0.09291275 0.17060523
-0.01110695 0.26174667
-0.24797627 0.09344796
0.1965364 -0.12196882
0.20599793 -0.064611495
-0.12871951 -0.15796019
-0.34626463 0.08668183
-0.12049364 0.24019946
0.07830291 0.1817337
-0.030238824 0.009438134
-0.16231553 -0.07423719
-0.13009685 0.03893983
-0.2671914 -0.10544459
0.026881188 0.18311708
0.011111127 -0.12964447
-0.36406255 -0.008371301
0.2002726 0.08697128
0.21315901 0.1007685
-0.040570952 0.03759105
-0.31496847 0.28313246
-0.00087598717 0.037102297
-0.4546744 -0.05623743
0.2316926 -0.11923881
-0.52901345 -0.03070332
0.004639683 -0.17781776
-0.35485518 -0.009892413
-0.0072649107 -0.02617674
0.22142056 -0.15925708
0.09188931 0.23824091
0.2606579 -0.17316255
-0.113809414 -0.04957475
0.11153233 -0.21555395
0.27174222 0.04639406
-0.36906135 -0.10281552
0.2868995 0.011857037
-0.3714317 -0.1333119
-0.5774806 -0.21152566
-0.15526491 0.25876075
0.2521047 -0.10930641
0.2767704 0.009979054
-0.17552403 -0.27689236
0.2848507 -0.06342424
0.25694108 -0.09933355
0.20914716 -0.008166846
0.18347801 0.0052972715
0.03581059 0.30302784
0.29513153 -0.058009047
-0.06913338 0.33780962
0.24710938 0.025299832
0.25312987 -0.107198834
0.23102541 -0.0012986297
-0.149216 0.053518336
-0.1461024 -0.18771157
0.14924134 -0.2055361
0.13655967 -0.24340925
-0.15175152 0.20158643
0.26982313 -0.027110359
0.06468686 -0.18952024
-0.23992386 -0.20651242
0.22394677 -0.12522559
0.14810164 -0.1703547
0.08686878 -0.12423322
-0.2967867 -0.19995946
-0.080444075 -0.14486946
-0.27377144 -0.2351028
-0.12801395 -0.066155165
0.1823312 0.02862739
-0.20013621 0.052481905
-0.018679738 -0.14858273
0.017575756 0.023356412
-0.1380702 -0.04894815
0.0023446276 -0.15048365
0.09323796 0.36824808
-0.605104 -0.03771493
-0.115938015 -0.11349792
-0.1758112 -0.2506943
-0.17306875 0.1495782
0.13327008 -0.17160395
-0.46155864 -0.022617668
-0.112057894 0.009318024
-0.2936085 -0.0013218282
-0.05488874 -0.22259195
-0.20573103 -0.0018096275
0.20280899 -0.07991701
0.02584177 0.1845811
0.17877972 -0.122494295
0.26897013 -0.14808622
-0.054086372 0.11327769
0.224079 -0.05232987
-0.31523338 -0.21148004
0.29029834 0.12929063
0.0072295503 0.023335446
-0.057498895 0.14639719
-0.05738236 0.05749606
-0.31516892 -0.13963275
0.17658028 0.22901237
