14.82532470242124 -10.517556786278467
-20.767644827358147 -2.599605664717468
-10.51844890293071 3.4560508935928516
-14.524998056863788 -0.5290397405804309
-2.8821701655070466 -1.417946866856104
-3.17602591918517 -6.958734334996768
-10.35125801868006 1.1193459842011746
-14.168074305974798 -1.2330310018587314
-4.8350384119073055 -4.82645204582477
-8.163586692652137 -1.7618357967347302
-6.786491256695915 -0.33308828337383267
-15.460422060151862 -1.9511791184332992
-12.264918031480768 5.189321238151254
-5.71714111277593 -2.1041493677179117
-6.344027533782519 6.292036620178221
-12.393993259241489 -0.9472138019670906
-17.85658070879392 -2.8696955172827803
-9.422700578546552 6.075030850203026
-11.124205332096684 -1.5844297627582902
-8.53391804486493 -2.025952818869259
-13.713631360177423 0.8153236771515695
-0.6852273567345146 1.8766026927823194
4.756838903103596 2.795281823626373
-8.203225324063112 -0.9060817668022544
-8.661051798529874 3.16684752496847
-9.053378629274262 4.148721574392733
2.058020017266724 2.037022649062917
-11.184415180059114 -7.2828402470099896
-5.6485956620905835 -1.7761646198262238
-5.6552485416892235 2.0887829213214557
-0.5797123086111886 -2.47711963169046
-8.671182532276044 0.20053244810535717
-2.7894182476962293 5.2605012002130405
-0.6872573121290505 -0.6577677990110969
-5.683464324526444 0.8775063432259997
-8.055234183429757 -1.2225332056655547
-4.475171067839414 3.411020792236386
-0.35424493063974144 6.132423575928646
-6.333263563372852 1.2248441798502823
-12.201918552804218 4.807894853646095
-0.6093696113429311 4.965681486440502
-2.2310964828981583 7.351906640596043
-10.896324756607724 1.2147370159251611
-4.67082647662304 -3.321666482217699
-7.289205816826315 -1.1983390221389671
-9.409669163793767 1.7807798784165492
-12.507919722013346 -0.32553496192648906
-8.599825511254949 4.256155907075549
-4.4519328203824475 5.094502950083693
1.087221092425068 -0.2656907892515959
6.797641022829462 4.470195794142045
-14.390209678248082 -1.154348285034673
-9.862961473921292 -1.4582777897612202
-2.622404607782883 -7.774024974167587
-6.017231710361549 1.8608903472391614
-9.147077563356302 1.2887271234295026
-2.7664341064676132 0.3344711237741698
-13.028750684020569 -4.281868803144018
-18.33759662527679 -0.6547528123584407
-7.3415604069900455 -2.1333682152955977
-6.850837983569374 1.6924049011486257
-1.9313054782315617 3.824375715184364
-11.65228578317864 -4.032690714667039
-5.487112614738905 1.4757986175677125
-9.180194575971376 0.19180248592569463
-8.64609231929996 -1.6826781516790457
4.172876497962099 -0.091051815455726
1.0221436871115186 1.0240531345912627
-6.90088533974023 2.1646082916025997
-5.608990527582399 -0.2673404298485014
-6.876315593550032 0.4171949690808125
-1.0013134887893482 1.1530416141950188
0.17185484760741104 3.160375563084137
-2.138715072788492 3.1487742197424535
1.3640081038281229 -2.6984957465982156
-7.26041388688185 0.22360732817406934
-0.9112434199659614 -5.686678143706693
2.8802222612427095 -3.3901231863346877
0.45325703464705913 2.5017571594442174
-4.760854746348544 -1.261770747807902
-3.802375301249957 5.955547077812877
-4.8935998658266 2.6133604533609955
-1.298396728215372 -1.6004462857000172
0.7601069941967346 -2.129623725053886
-3.0061343089483112 -1.330832837887342
-11.354600555338067 -1.2946450649188646
5.263109067308679 -0.18570436744938973
3.018443140129452 3.1813686718491807
-17.481766818017093 -5.164005956747481
5.472388351755532 -2.9241649964721153
-14.219983851256746 -6.439399496713415
-4.207243906561382 -6.056831980840608
-14.077440540625108 -2.7089546780391625
-10.10640221702352 1.759176314707766
-8.485798730138537 4.761290306635421
0.27162654267899844 3.9496798763008547
4.109151090534539 4.4534899354161634
-1.363714683038152 7.573078215954346
-10.034522939941368 2.2077040685623546
0.8077921188575612 3.330465884460097
-9.451858184836142 2.799848424268465
-11.39011587259112 -3.488587585557613
1.2936846000438056 -1.9176901093165932
-3.328066852461979 2.241770980860659
-4.4538716688575875 -0.9648056050831699
-6.808017293177492 1.4423367555632582
-3.0572502415781213 1.2640144042908343
-1.241894576285907 -1.3530114951194454
-13.929746478957746 -3.102409379944738
3.2131740626606833 -5.457048942511371
-3.3565836524441792 -2.058979230451483
-0.20930313854622087 2.319500488847148
-4.27713003843706 3.6260021733615426
1.1424850158582682 2.074293406609195
-7.111555379076846 0.26759716323435373
-2.542332784540297 -1.382089859133093
6.289602139199203 -0.5157969226206127
9.005075892472581 0.1429201264611615
-4.240641332387164 3.6817083138438456
6.064159020779185 0.8656337415395058
1.3276423517292055 3.519840219346474
3.4873293869523456 2.508772727411676
-0.7101914848326706 -1.0728670053661353
2.6288216031733103 -1.2468310778667173
4.88963600574296 -1.3193027045291938
2.680455278599071 1.1931323659234931
-4.517804104709887 4.061907835463392
-1.358209418589731 -7.3164070965041414
11.627993635506728 0.019086947251175313
-2.3619413946953522 -2.5600752722760824
-14.831935026390537 -6.780964030495297
-4.701577761379918 -8.896703814478574
-4.3263531850165675 -1.4400938218021664
-3.7263507448245785 0.221641944583287
-5.818659552156681 -8.258844883367745
4.5209544736813125 2.0530545810783427
-0.8749307179478842 -3.1395603038026563
-2.5250897460183923 1.1470897740842918
3.465394530699357 2.375153527572741
-5.325327959283744 -0.9066919458447765
1.6119542683817287 4.628956186824456
0.13189503408555395 0.8303779972849646
3.7655959109600743 -3.1424901637683336
-2.749467792031343 -6.9289701555307195
-2.7789987506330456 -6.904607968963175
-2.7829754115846543 -6.868602314625851
-2.7565766421469786 -6.906645970951165
3.4364536735895315 -0.7845884082828338
-1.8502112978403173 -1.953612848261718
6.533004212699041 -0.8246106534763206
-11.054421982257649 -0.464037272889647
2.082213418816844 3.983419007148358
0.27622131104705283 5.383956541806493
-5.1377437772160315 2.5289318387275257
3.1205957652932863 -3.761316458386656
8.575148485505173 2.640097897583088
-0.37360856443182744 4.203616945984768
-4.362670308165769 -4.03779785209455
-2.9540062054258702 5.051214443236618
-3.0867673090299066 0.8839031567706112
-3.371065179948173 -2.1708399500022453
-5.864511807012755 2.954054791476145
6.12475810179353 -0.2654647515432493
1.2721731078318363 1.3909579286995981
5.800462108091374 1.9840874670328237
0.2563608481855593 -5.352875717220695
-2.7686559916215576 -0.512760563748099
-2.6386911362128678 4.08208713893847
2.149631180168915 1.9398262440015765
-1.5303896411301015 3.8360496326281255
3.2476522348899617 1.3477621885757056
-0.12320383501583208 -3.336971042580622
-3.9900639627542875 -2.274508696652058
3.133645794822893 -1.1490405268558839
11.008145626716368 -3.5402384108179694
3.093437892620742 0.02604660095392479
-0.3885300796382116 2.0364570347920434
4.467780530801625 -4.111334618488871
5.810655289562282 1.3009278646064182
1.368193727995268 -8.242705985428378
1.4213046678637664 -1.5613457516878182
-5.71294944724719 2.934841976639768
-0.5533759437068112 5.257955480747292
-0.12068959528095027 -4.44911238080371
-2.5947899589428824 1.1772760727577518
0.5826362622962914 -2.3315794967336023
-4.179272901884041 3.7524073585166144
0.6240744908999145 -1.1698541432112015
4.350235066551142 -0.3099226347478137
0.25295474316222455 -1.8958508587726284
1.001653990765738 1.6493401173336169
-1.299528933377838 6.453033169377213
-4.320219143066076 0.32588538697742675
-0.65545981565475 0.36066864507011576
4.09174640211752 1.503508909572769
3.0638675506675623 3.6461725183774423
-1.524497570488511 0.1887779044671304
-2.362315910302591 1.4387154630031305
2.074964202543277 6.065874933768275
4.822581755645364 5.536116663367722
5.383635797852757 2.6689350875240443
6.659506907839316 2.9751255047784446
1.2786699806907365 1.9742974765734198
10.768556782670373 0.550315299422741
5.049818297463722 0.17194916140520858
-0.0444565830821066 -6.104572470421319
0.25454188941906436 3.424076763599787
-0.4221738687053195 0.37921204982084833
-3.641561672620423 -1.8333456510884079
-4.237684377401365 -0.17946504296477483
4.518010938859801 -4.371745880353997
-3.004368812030642 -7.592777375615283
3.6424477377660263 7.082100909064563
1.9876967349479806 1.7838159881255655
1.260192610606097 0.27192952466688397
0.7423329103909171 -0.8914806599759514
-4.545097635841875 -6.330278977163972
4.497914946908154 -0.64880701378119
9.712110784930497 0.48152780495904124
-0.4872117002482724 -5.700849758547042
12.491830448276001 0.5753091979897861
-1.5007336729904175 -4.122463105820651
0.26466175663347535 -1.3140238530356958
3.215934446878933 -4.321619768367057
5.506484446298159 0.4651331689405956
9.061613684483492 3.195973706971635
-3.8886430060908856 1.399594669329275
2.60016554388169 1.8185227573244103
0.402866014071917 3.3808113157554645
3.7379235176062644 -0.47078504335325866
0.13339739874251053 -4.067214536448208
10.221079296400163 -0.1431343029817732
5.32607805672495 5.381082264094231
0.3872759437733688 6.321689166997812
5.872870586648691 2.9063963003974482
8.294807573746716 -1.3997547973025612
-0.7955751211991821 -4.750280484981633
5.6814091535187305 -4.02928091685429
8.106841553118766 -5.25646755020157
13.755344160302316 0.1636265792118242
9.26081453238565 2.2122728348817544
9.060097044318468 0.8768931787992107
3.7584816813861823 -0.5173184094097231
11.342347904650506 -3.1743626501974607
7.660425610182038 2.942522331900001
0.3241312478752718 -8.231469291404583
6.036600863944012 0.2141067163031797
11.624374600936545 -0.7476486080893631
-1.6444282678084972 5.739799785839878
0.37948769094525997 2.358239616532915
4.319490131324926 -2.334519168708947
5.411437807332832 0.45379625670824036
4.463571922624094 4.427059930261854
12.78243504918454 1.0413644210719475
12.151240613397958 0.5677785153593928
12.373523672264783 0.6331988555152583
4.71701658372665 4.921039522630435
-4.407905000587398 -2.667155909213426
1.6997079607428225 4.559252659304705
3.1759062806420317 3.887144568085093
3.6355573214153076 0.10729314786840827
3.139430281965486 0.9932525516084204
0.2315071010253618 -4.250985611016039
-1.121434722712397 -0.8415702189516341
-3.4192155399031114 4.727866308645643
2.5340642765552652 1.4105507812282565
13.849201093409652 -4.623454025852093
-1.2278298230156728 3.4028687379129567
1.960127478406454 1.4721102213880066
1.5731941112730972 2.33908372504454
7.346272309524724 4.296345106142291
8.986076880840267 -2.889664533213861
7.038410934249545 1.5434580048054258
4.694271571908899 -0.6082547174094335
7.877297129797606 1.7386963612493544
4.352854157689952 -3.2934453386690365
1.1642245367094177 5.1968978434813655
4.309841388378716 -3.4893260635651315
12.18140208011215 -1.9267493924440595
11.94991440549193 1.8704187995437538
7.438783565622472 0.8763278904323559
4.6635163110299445 2.140113853410655
6.650456762519557 -1.945749824500897
9.328910205792326 -2.7923927872814565
9.085298252538262 3.309494743434371
5.261151613256952 2.343084070314218
12.173397960885 -0.43664657573881605
13.864235251220157 0.11439108906478711
1.0449939722233625 2.6502755007544763
6.150538905937642 6.111648351994517
1.5203926409379769 -2.786509672823359
4.823865782910192 8.056408844790065
6.594281883374174 -8.563498108797694
8.856261697686712 -2.525205820291507
7.538835943244909 1.6518112181878943
-4.595001870575242 5.2656845832147665
-4.006962801307934 0.6181265093414823
12.031657418559337 2.140800570967578
2.021051418544274 5.169007648272256
3.8156758375308324 4.698721182532848
5.96903327477498 2.884228001607334
10.069837005121963 1.7999952011277809
11.234506016842246 -0.5425448790275366
12.623706874859606 0.4982775509144387
16.76834262680112 -3.890487851890721
11.173263299140276 -1.9233053227493377
15.34704794588776 -1.5852602846994532
10.707602528114263 -1.5755309294521116
6.67450990886203 4.522440080373754
6.917077892848989 -12.019802229524434
16.24409657798446 -1.0685709607527452
16.49575926889894 -8.780347986378729
18.153333111862935 -6.067224767525401
11.814722640118482 1.0471114458020065
7.281570867231814 -15.15386568809961
